Copper,,Aluminum,
log 10 ne(cm^-3),log 10 ?(S/m),log 10 ne(cm^-3),log 10 ?(S/m)
20.39046111,4.130544699,20.73855356,3.461691172
20.37958322,4.02876264,20.80019493,3.403529996
20.42309477,4.004528817,20.84370649,3.56347323
20.42309477,3.922133817,20.8618363,3.582860289
20.47748422,3.902746758,20.82557667,3.64586823
20.41946881,3.844585582,20.88721805,3.505312054
20.3614534,3.805811465,20.94885942,3.476231466
20.14752158,3.757343818,21.23168454,3.553779701
20.35057551,3.64586823,21.30057783,3.519852348
20.4593544,3.621634407,21.27157013,3.597400583
20.43397266,3.708876171,21.32958554,3.679795583
20.44122459,3.733109994,21.31508169,3.699182642
20.48473615,3.742803524,21.35134132,3.641021465
20.56088137,3.752497053,21.36221921,3.631327936
20.55362944,3.660408524,21.38760095,3.742803524
20.60439293,3.665255289,21.39122691,3.742803524
20.65878237,3.713722936,21.45286828,3.7185697
20.68416411,3.674948818,21.46374617,3.708876171
20.64427852,3.515005583,21.40935673,3.776730877
20.62614871,3.451997643,21.45649424,3.810658229
20.55000348,3.233893232,21.5000058,3.830045288
20.65515641,3.282360878,21.52538754,3.762190583
20.71679778,3.292054408,21.59428084,3.863972641
20.7639353,3.219352938,21.54714332,3.902746758
20.81469878,3.233893232,21.50725773,3.907593523
20.78206512,3.384142937,21.51813562,3.951214405
20.72404971,3.398683231,21.56164717,3.936674111
20.66966026,3.41807029,21.57977699,3.912440288
20.79294301,3.544086172,21.5688991,3.985141758
20.84733245,3.345368819,21.57615103,4.004528817
20.90534786,3.296901173,21.61241066,4.03845617
20.91259979,3.214506173,21.61241066,4.057843228
20.94885942,3.190272349,21.63054047,4.062689993
20.94885942,3.161191761,21.61241066,4.077230287
21.00324886,3.151498232,21.6668001,4.02876264
21.01050079,3.170885291,21.67767799,3.985141758
21.06489023,3.185425585,21.67767799,3.985141758
21.10114987,3.18057882,21.6377924,4.174165581
21.1374095,3.248433526,21.67767799,4.125697934
21.18817298,3.296901173,21.74294533,4.159625287
21.17004316,3.316288231,21.7066857,4.208092934
21.26794417,3.267820584,21.74657129,4.232326757
21.21355472,3.369602643,21.69580781,4.246867051
21.24981435,3.413223525,21.73931936,4.329262051
21.27882206,3.393836466,21.76107514,4.34864911
21.3042038,3.398683231,21.78283092,4.334108816
21.34046343,3.427763819,21.80821266,4.251713816
21.31870765,3.447150878,21.85172422,4.319568522
21.35134132,3.481078231,21.81909055,4.334108816
21.36221921,3.500465289,21.86985403,4.372882933
21.39847884,3.471384701,21.85172422,4.382576463
21.48550195,3.524699113,21.81183862,4.431044109
21.4709981,3.539239407,21.79370881,4.469818227
21.42748654,3.568319995,21.84809825,4.552213227
21.42748654,3.582860289,21.87348,4.479511756
21.44561636,3.592553818,21.90611366,4.513439109
21.45649424,3.592553818,21.93512137,4.518285874
21.54351736,3.616787642,21.96775504,4.600680874
21.52901351,3.597400583,21.96775504,4.605527638
21.47825002,3.655561759,22.02939641,4.668535579
21.53626543,3.699182642,22.03302237,4.673382344
21.55439525,3.689489112,22.06203008,4.707309697
21.55802121,3.674948818,22.069282,4.717003226
21.59428084,3.742803524,22.10191567,4.780011167
21.60878469,3.742803524,22.10191567,4.780011167
21.62691451,3.757343818,22.12729741,4.81393852
21.62328855,3.810658229,22.15267915,4.876946461
21.62328855,3.825198523,22.07290796,4.949647931
21.49275388,3.863972641,22.14180126,4.930260872
21.52538754,3.781577641,22.19256475,4.993268813
21.69218184,3.854279112,22.21794649,4.998115578
21.68130395,3.859125876,22.25783208,5.007809107
21.72844147,3.878512935,22.29409171,5.109591166
21.7647011,3.907593523,22.29409171,5.109591166
21.7356934,3.917287053,22.33760327,5.216219989
21.71756358,3.931827347,22.34848116,5.250147342
21.69580781,3.946367641,,
21.6668001,3.994835288,,
21.78283092,3.951214405,,
21.78283092,4.019069111,,
21.79733477,4.019069111,,
21.84447229,4.02876264,,
21.90611366,4.009375582,,
21.80821266,4.072383523,,
21.82996844,4.072383523,,
21.86260211,4.077230287,,
21.86622807,4.086923817,,
21.85897614,4.120851169,,
21.86985403,4.130544699,,
21.89523577,4.145084993,,
21.90611366,4.149931758,,
21.95325118,4.106310875,,
21.90611366,4.208092934,,
21.92786944,4.232326757,,
21.99676274,4.251713816,,
22.03302237,4.227479993,,
21.98951081,4.343802345,,
22.00764063,4.343802345,,
22.02214448,4.353495874,,
22.08015989,4.329262051,,
22.05115219,4.479511756,,
22.11641952,4.489205286,,
22.16355704,4.450431168,,
22.13454934,4.532826168,,
22.13092337,4.571600285,,
22.13454934,4.571600285,,
22.19256475,4.644301756,,
22.19619071,4.639454991,,
22.25058015,4.537672933,,
21.80821266,4.232326757,,
21.77195303,4.164472052,,
21.72481551,4.106310875,,
21.86985403,4.542519697,,
21.97500696,4.547366462,,
22.26508401,4.906027049,,
22.29409171,4.935107637,,
22.43550427,4.925414108,,
22.41374849,4.983575284,,
22.51890142,5.158058813,,
22.43913023,5.182292636,,
22.39924464,5.245300577,,
22.52977931,5.206526459,,
22.52977931,5.250147342,,
22.49351968,5.250147342,,
22.53703124,5.2695344,,
22.6385582,5.313155283,,
22.59142068,5.381009988,,
22.7074515,5.410090576,,
22.63493224,5.477945282,,
22.69657361,5.376163224,,
22.66393994,5.419784106,,
